10
4 3
2 1 0
0 0 0
1 2 3
0 1 0
4 1 0
3 3 3
3 1 0
1 0 0
0 2 0
4 3
2 1 0
0 0 0
1 2 3
1 1 0
4 1 0
3 3 3
3 1 0
1 0 0
0 2 0
3 2
1 0
0 0
1 2
0 1
0 3
1 1
2 0
3 2
1 0
1 0
0 1
1 0
0 1
3 0
1 0
3 8
8 5 9 8 5 3 2 1
1 3 5 0 1 3 0 1
5 1 6 7 2 1 8 1
3 3 0 1 0 5 1 0
7 6 8 3 4 1 0 1
5 2 3 0 5 0 1 1
9 8 2 3 1 3 2 1
4 4
3 5 9 8
0 3 2 5
1 6 3 5
5 2 0 3
2 1 5 3
5 3 0 2
9 1 6 8
0 6 1 2
3 5 8 1
9 9
13 7 8 3 15 1 5 17 6
2 8 7 6 5 4 3 2 1
1 0 2 1 3 2 4 3 5
3 2 1 0 1 8 0 9 10
8 5 3 2 1 9 0 0 6
15 8 1 0 1 0 8 0 6
0 1 0 10 0 1 0 5 0
7 7 4 5 1 0 1 3 0
2 8 1 0 3 3 0 1 1
0 2 0 5 1 2 0 4 1
15 1 1 10 19 1 3 1 5
10 0 20 15 31 13 1 1 0
5 5 11 9 1 3 1 39 0
3 22 4 1 7 1 15 0 9
30 33 18 8 1 6 8 1 7
11 2 7 1 5 2 0 28 13
13 2 1 9 5 0 3 0 1
13 1 0 2 11 0 8 0 0
5 21 10 11 3 2 0 0 0
9 9
1 0 1 0 1 0 1 0 1
1 0 0 0 0 0 0 0 0
0 0 0 0 0 0 0 1 0
0 0 0 1 0 0 0 0 0
0 1 0 0 0 0 0 0 0
0 0 1 0 0 0 0 0 0
0 0 0 0 1 0 0 0 0
0 0 0 0 0 0 1 0 0
0 0 0 0 0 0 0 0 1
0 0 0 0 0 1 0 0 0
0 0 1 0 0 0 0 0 0
1 0 0 0 0 0 0 0 0
0 0 0 0 0 0 0 0 1
0 0 0 0 0 1 0 0 0
0 0 0 0 0 0 1 0 0
0 0 0 0 0 0 0 1 0
0 0 0 1 0 0 0 0 0
0 0 0 0 1 0 0 0 0
0 1 0 0 0 0 0 0 0
5 5
1 1 1 1 1
0 1 1 1 1
1 0 1 1 1
1 1 0 1 1
1 1 1 0 1
1 1 1 1 0
1 1 1 1 1
1 3 1 1 1
1 1 2 1 1
1 1 1 5 1
1 1 1 1 4
2 5
2 5 2 5 2
2 5 2 5 2
2 5 2 5 2
2 5 2 5 2
2 5 2 5 2